 0.010000 0.421809 7.512875 9.251806 9.194666 1.193142 1.172825 0.931825 5.892110 0.706282 5.358164 5.334827 5.898885 0.725088 0.855947 0.878477 0.612271 0.621726 0.667950 4.814122 8.091882 8.277908 1.111274 1.094570 1.197352 4.756488 190259.522642
 0.020000 0.421627 7.482399 9.339198 9.195900 1.048812 1.079833 0.764526 5.791234 0.539827 5.566436 5.556926 5.607745 0.686358 0.764575 0.803380 0.480466 0.538907 0.731978 4.645571 8.276932 8.206604 1.003137 0.906922 1.067786 4.677453 187098.136467
 0.030000 0.417368 7.607556 9.611161 9.657600 0.945004 0.948812 0.665602 5.855420 0.484249 6.262670 6.329048 5.851046 0.593714 0.686318 0.729677 0.413062 0.455911 0.755944 4.781717 8.649195 8.535472 0.927826 0.805597 0.944908 3.016363 120654.521202
 0.040000 0.414993 7.703287 9.316828 9.462827 1.470776 1.356327 1.098826 5.659396 0.795890 5.876357 5.948928 5.839998 0.848444 0.967868 0.999623 0.705937 0.700006 1.041515 4.876023 8.378269 8.441250 1.403896 1.328652 1.448624 2.247830 89913.215936
 0.050000 0.414866 7.577021 9.261302 9.201363 1.846604 1.738410 1.405036 5.920159 0.967537 5.607262 5.592886 5.798715 1.111587 1.202957 1.247624 0.884408 0.931387 1.257686 4.825031 8.073577 8.061779 1.768954 1.687445 1.858871 2.209856 88394.256649
 0.060000 0.411189 7.710957 9.564771 9.443011 1.393817 1.349277 1.044351 6.139780 0.779477 5.819264 5.791279 5.913209 0.829754 0.955398 1.028794 0.634655 0.718589 1.258928 4.943728 8.345693 8.428826 1.393396 1.218942 1.376282 1.251931 50077.234366
 0.070000 0.408101 7.759059 9.322488 9.327923 1.533442 1.447030 1.189737 5.544477 0.928922 5.695924 5.738695 5.626181 0.868676 1.028100 1.103607 0.730591 0.779090 1.568702 5.034510 8.398165 8.588893 1.539457 1.324690 1.459638 0.656181 26247.254602
 0.080000 0.406719 6.882194 8.252146 8.306171 3.857434 3.405813 3.193890 4.947229 2.411338 5.059625 5.146016 5.003401 2.161141 2.382208 2.514799 2.047584 2.234963 2.369471 4.751415 7.478231 7.427214 3.551543 3.533400 3.642667 0.451426 18057.026938
 0.090000 0.403090 7.283211 8.736365 8.838074 3.461441 3.191294 2.679070 5.561926 1.953691 5.384458 5.444945 5.535810 2.012118 2.238038 2.446443 1.663591 1.876915 2.563625 4.846933 7.827958 7.739841 3.304067 3.081937 3.358111 0.095454 3818.146393
 0.100000 0.400507 7.792117 9.272295 9.276347 2.235598 2.196933 1.577563 5.762774 1.147185 5.704235 5.672100 5.839137 1.320139 1.541161 1.676048 0.971268 1.010028 2.342264 5.226411 8.350832 8.429357 2.229971 1.897645 2.182423 0.002569 102.748755
 0.110000 0.400452 7.325918 8.622753 8.526117 3.440081 3.385846 2.478874 5.249652 1.771462 5.369162 5.291249 5.157376 2.093274 2.408947 2.534850 1.546212 1.650074 3.281820 5.060171 7.698678 7.739341 3.327694 2.980363 3.439431 0.002043 81.723337
 0.120000 0.399465 7.184390 8.498597 8.466794 3.559052 3.517856 2.686029 5.177941 1.880932 5.191817 5.229604 5.094387 2.182914 2.514889 2.524778 1.636987 1.850920 3.640430 5.001497 7.598681 7.722183 3.469698 3.154361 3.652620 0.000000 0.000000
 0.130000 0.397048 7.636521 8.855065 8.938319 2.931001 2.789173 2.201296 5.362892 1.634665 5.276131 5.326982 5.557293 1.681351 2.045260 1.915540 1.375177 1.475271 3.489969 5.271032 8.103785 8.260763 2.853036 2.541522 2.912038 0.000000 0.000000
 0.140000 0.396284 7.608233 8.687373 8.774009 3.161924 2.851457 2.379398 5.277985 1.755572 5.237970 5.247059 5.422585 1.737065 2.144202 1.957877 1.451108 1.623245 3.553708 5.326404 7.956672 8.070426 2.953806 2.659800 3.075664 0.000000 0.000000
 0.150000 0.395344 7.421397 8.842273 8.774564 3.294920 2.649626 2.576948 5.404890 1.904638 5.605789 5.569092 5.312993 1.662040 1.873276 1.778525 1.573591 1.873286 3.334728 5.010640 7.706050 7.861055 3.055300 2.918814 3.146687 0.000000 0.000000
 0.160000 0.395902 7.742428 9.435787 9.360085 2.065172 1.606880 1.552071 5.827672 1.117436 6.111372 5.973094 5.799633 1.035316 1.129471 1.067303 0.995579 0.998306 2.571118 5.023226 8.222125 8.372498 2.020449 1.839166 2.008519 0.000000 0.000000
 0.170000 0.398153 7.741642 9.206755 9.229343 1.824718 1.297939 1.372039 5.648443 0.987466 5.532513 5.503906 5.742402 0.852601 0.932805 0.878765 0.848452 0.880390 2.540218 5.209751 8.453387 8.540421 1.826954 1.594287 1.725288 0.000000 0.000000
 0.180000 0.399267 7.659475 9.177492 9.236056 1.786132 1.017693 1.399629 5.673433 1.071471 5.428556 5.498097 5.749345 0.633080 0.718069 0.682992 0.845448 0.988011 2.592212 4.981618 8.281621 8.350191 1.852225 1.611021 1.595849 0.000000 0.000000
 0.190000 0.400461 7.656747 9.372280 9.442642 1.463372 0.678162 1.147085 5.703310 0.850202 5.922294 5.888392 5.847375 0.391913 0.485449 0.453186 0.713394 0.731077 2.455931 5.020204 8.230574 8.367031 1.585528 1.281175 1.283746 0.002124 84.959035
 0.200000 0.399400 8.038406 9.431954 9.386341 1.416689 0.514381 1.114273 5.540188 0.866690 5.955827 5.846876 5.625852 0.288271 0.363133 0.341771 0.695566 0.713707 2.369757 5.299716 8.429704 8.671260 1.540354 1.227299 1.187543 0.000000 0.000000
 0.210000 0.400816 7.841605 9.418473 9.296489 1.507794 0.422820 1.210552 5.842070 0.971563 5.809869 5.750083 5.731074 0.237458 0.290084 0.281878 0.739301 0.835859 2.346506 5.201672 8.307856 8.547133 1.624591 1.354438 1.201250 0.006661 266.421414
 0.220000 0.404719 7.597805 9.468410 9.485849 1.413922 0.329928 1.128671 6.139132 0.823786 5.827619 5.814013 6.129408 0.186091 0.228304 0.227758 0.706389 0.715293 2.267728 4.868797 8.244864 8.366525 1.539874 1.270568 1.133686 0.222645 8905.803197
 0.230000 0.405457 7.727489 9.226484 9.323278 1.675163 0.293613 1.401118 5.574328 1.094654 5.596081 5.649536 5.764986 0.168948 0.196590 0.205547 0.890666 0.890726 2.548599 5.119239 8.452677 8.505650 1.813917 1.538512 1.291130 0.297829 11913.157268
 0.240000 0.407359 7.885296 9.190596 9.263632 1.607468 0.244333 1.277469 5.400363 1.020862 5.671146 5.738942 5.470443 0.139313 0.160334 0.173020 0.757660 0.850852 2.766497 5.361423 8.443534 8.535947 1.803794 1.410325 1.273254 0.541523 21660.915212
 0.250000 0.410054 7.944027 9.449002 9.399195 1.460771 0.199596 1.151039 5.745498 0.879471 5.875618 5.831928 5.692117 0.113674 0.128582 0.143631 0.698977 0.735837 2.769880 5.225469 8.286611 8.405608 1.673457 1.254560 1.145746 1.010803 40432.116328
 0.260000 0.410920 7.906237 9.406194 9.303675 1.575100 0.178930 1.320345 5.875928 1.041301 5.711977 5.684231 5.854302 0.104501 0.110693 0.129977 0.841985 0.844060 2.856163 5.344858 8.285253 8.481900 1.792572 1.445102 1.198780 1.192463 47698.517914
 0.270000 0.413696 8.002154 9.299612 9.350373 1.496159 0.154913 1.180225 5.872954 0.878083 5.617752 5.692728 5.762679 0.091234 0.094033 0.114494 0.713989 0.794135 2.712363 5.365782 8.467208 8.649840 1.692769 1.338839 1.113628 1.875769 75030.777071
 0.280000 0.417301 7.689663 9.377321 9.433204 1.409803 0.133960 1.097035 5.765542 0.796230 5.825810 5.925767 5.774957 0.082019 0.078956 0.100671 0.677635 0.743611 2.483801 5.119513 8.467726 8.513118 1.604980 1.254774 1.050083 2.993329 119733.167474
 0.290000 0.420621 7.726367 9.353921 9.386100 1.527988 0.121938 1.266197 5.612404 0.947901 5.816049 5.882647 5.762162 0.077187 0.070523 0.092597 0.792429 0.827527 2.448902 5.046236 8.235564 8.354528 1.710836 1.393369 1.153765 4.252066 170082.649363
 0.300000 0.421779 7.949953 9.251703 9.247618 1.444013 0.112261 1.200015 5.644611 0.867078 5.508045 5.563476 5.545518 0.072592 0.064023 0.086204 0.721014 0.833681 2.521531 5.407474 8.340682 8.552452 1.665649 1.311055 1.143395 4.743390 189735.585068
 0.310000 0.422834 8.024050 9.540698 9.401371 1.234444 0.098851 1.007855 5.954443 0.722756 5.745129 5.742308 5.731196 0.065242 0.054414 0.076718 0.606357 0.735736 2.364387 5.294960 8.520575 8.570653 1.444851 1.078734 0.957042 5.213803 208552.118310
 0.320000 0.426324 7.689563 9.476918 9.517429 1.354127 0.090745 1.167596 5.970480 0.858567 5.995795 6.045713 5.988118 0.061071 0.049326 0.069568 0.715609 0.806787 2.268812 4.962852 8.272189 8.317208 1.535667 1.227283 1.043512 6.929269 277170.745097
 0.330000 0.426814 7.622168 9.103500 9.246981 1.872045 0.089793 1.699914 5.581146 1.230707 5.593243 5.767079 5.646521 0.064409 0.048828 0.069497 1.054575 1.268883 2.422550 5.093521 8.310722 8.405613 2.013468 1.797749 1.415299 7.190131 287605.250425
 0.340000 0.428187 7.875658 9.428373 9.406291 1.502683 0.080439 1.241029 5.818368 0.836996 5.723744 5.781011 5.750253 0.058944 0.043216 0.062430 0.765233 0.939900 2.200232 5.157990 8.591425 8.611941 1.612267 1.330327 1.151690 7.944861 317794.434724
 0.350000 0.432677 7.739997 9.468089 9.422499 1.448407 0.074932 1.195159 5.911689 0.831061 5.834691 5.763530 5.912896 0.055651 0.040675 0.056355 0.723390 0.867150 2.377004 5.150168 8.205257 8.404251 1.585392 1.287596 1.138171 10.678103 427124.125114
 0.360000 0.433253 7.975878 9.256945 9.183003 1.610868 0.074081 1.362510 5.557339 0.947695 5.580308 5.611009 5.481291 0.057799 0.040731 0.056360 0.837945 1.007936 2.775796 5.321921 8.142154 8.406715 1.774976 1.493828 1.295785 11.057782 442311.294274
 0.370000 0.434736 8.025469 9.385570 9.378667 1.300676 0.068583 1.002320 5.735391 0.636266 5.741652 5.859480 5.634910 0.053526 0.037246 0.050878 0.613884 0.726275 2.745014 5.479278 8.564170 8.631533 1.464548 1.108976 1.066996 12.065699 482627.943618
 0.380000 0.437571 7.835583 9.501393 9.626906 1.305191 0.063474 0.971988 6.000160 0.667358 5.923329 5.925343 6.124874 0.050317 0.034265 0.045585 0.584297 0.718581 2.455151 5.072957 8.565733 8.515486 1.414536 1.104517 1.042649 14.116104 564644.147130
 0.390000 0.438847 7.522024 9.179061 9.233028 1.722318 0.063503 1.386853 5.730143 0.981102 5.638546 5.632846 5.859369 0.051984 0.035306 0.045411 0.861906 0.989330 2.499066 4.968722 8.214331 8.265463 1.764727 1.578748 1.385701 15.090649 603625.955010
 0.400000 0.440331 7.865878 9.337481 9.261583 1.533659 0.061104 1.224113 5.679147 0.792666 5.750168 5.708515 5.550647 0.049502 0.034241 0.041361 0.789756 0.882106 2.436768 5.234695 8.382492 8.459163 1.576709 1.384256 1.221660 16.266215 650648.596494
 0.410000 0.441176 8.066316 9.574171 9.481769 1.271280 0.059347 0.932232 5.688498 0.631545 5.979883 5.880040 5.656375 0.048978 0.033451 0.039456 0.566753 0.675536 2.509637 5.360644 8.516703 8.676286 1.365415 1.092189 1.046107 16.954494 678179.773016
 0.420000 0.441444 7.844588 9.257328 9.310082 1.461911 0.060233 1.149472 5.590080 0.826710 5.662948 5.705388 5.736138 0.050186 0.035533 0.039604 0.690834 0.804314 2.729832 5.236332 8.154809 8.434742 1.574111 1.291147 1.208857 17.176121 687044.835957
 0.430000 0.441411 7.749828 9.164277 9.275136 1.639868 0.059925 1.383500 5.754658 0.913278 5.493175 5.578347 5.804780 0.049431 0.036138 0.037991 0.872335 1.001098 2.673343 5.190240 8.269942 8.375621 1.732268 1.487829 1.338562 17.148494 685939.744157
 0.440000 0.439306 7.814437 9.556964 9.548241 1.450665 0.059022 1.180607 5.969588 0.835766 5.962864 5.866188 6.042618 0.048962 0.035688 0.036174 0.695161 0.870800 2.255615 5.124545 8.681345 8.725320 1.534462 1.259434 1.155708 15.449471 617978.833598
 0.450000 0.439111 7.717112 9.388903 9.356009 1.712458 0.062179 1.484518 5.690176 1.142327 6.033892 5.892077 5.733436 0.051843 0.039570 0.036987 0.883771 1.097958 2.210490 4.973363 8.254205 8.416028 1.803348 1.572577 1.324294 15.296727 611869.077436
 0.460000 0.439529 7.582891 9.066576 8.992248 2.150579 0.066312 2.047202 5.429888 1.411762 5.573984 5.566795 5.333316 0.054635 0.044172 0.039058 1.340705 1.530487 2.433265 5.097614 8.022471 8.056711 2.235375 2.120983 1.595119 15.625777 625031.080029
 0.470000 0.437203 8.016821 9.517766 9.519007 1.295603 0.067754 1.093833 5.843732 0.762404 5.694608 5.747910 5.891487 0.056043 0.046708 0.038684 0.665382 0.788149 2.095894 5.200845 8.563179 8.584777 1.462232 1.179513 1.032269 13.840845 553633.798132
 0.480000 0.436545 7.792206 9.382276 9.522793 1.257970 0.072644 1.003764 5.866183 0.749469 5.705796 5.739370 6.018963 0.060171 0.052400 0.041211 0.594099 0.731914 2.133925 5.172541 8.455644 8.554572 1.449276 1.105013 0.985982 13.355161 534206.430074
 0.490000 0.435784 7.631920 9.250334 9.244691 1.346067 0.079354 1.106736 5.693776 0.731000 5.724021 5.719053 5.681059 0.065256 0.059744 0.045747 0.684987 0.781658 2.151094 5.021119 8.229920 8.317330 1.551029 1.203362 1.046254 12.805254 512210.143796
 0.500000 0.431178 7.766157 9.538816 9.443173 1.286333 0.085358 1.038398 5.883222 0.708977 6.060071 5.997927 5.805383 0.071289 0.067638 0.048261 0.631390 0.745547 2.026696 5.081489 8.394782 8.577123 1.491244 1.170509 0.975556 9.720391 388815.647451
 0.510000 0.428936 7.945656 9.562013 9.531289 1.248498 0.092693 0.972319 5.949713 0.684896 5.906605 5.845865 5.901041 0.075667 0.074663 0.051420 0.597365 0.695269 1.981812 5.255568 8.520326 8.623972 1.460210 1.132806 0.918612 8.372645 334905.788389
 0.520000 0.425490 7.829019 9.170009 9.232983 1.461928 0.108893 1.215614 5.648990 0.804502 5.402911 5.546439 5.622358 0.087515 0.092115 0.061396 0.779680 0.867302 2.139610 5.175419 8.280016 8.209399 1.685285 1.349245 1.050535 6.497277 259891.098137
 0.530000 0.419115 7.657282 9.216275 9.340697 1.555800 0.128747 1.323290 5.665116 0.898096 5.612718 5.769874 5.690298 0.106731 0.114254 0.073358 0.835852 1.005604 2.230017 5.118770 8.282357 8.216582 1.824970 1.477268 1.172010 3.653675 146147.006273
 0.540000 0.414759 7.923973 9.529580 9.541297 1.300386 0.141065 1.056167 5.818379 0.718128 5.919145 5.869526 5.856307 0.112904 0.125841 0.079822 0.634323 0.765236 2.133882 5.184372 8.632280 8.631549 1.608977 1.159803 1.000056 2.178281 87131.252570
 0.550000 0.409724 7.772849 9.351195 9.241576 1.492596 0.160970 1.268943 5.826948 0.847541 5.734388 5.706068 5.719887 0.127910 0.147516 0.093147 0.764142 0.936785 2.242707 5.233241 8.381388 8.506504 1.795611 1.327740 1.106209 0.945530 37821.186179
 0.560000 0.405065 7.688227 9.236008 9.202251 2.040885 0.185590 1.865299 5.880653 1.293866 5.666314 5.705471 5.684436 0.147052 0.169940 0.109299 1.137025 1.509934 2.442219 5.078951 8.025656 8.180867 2.331083 1.969565 1.485295 0.256581 10263.255579
 0.570000 0.400580 7.861338 9.386222 9.458585 1.848854 0.214610 1.658855 5.748941 1.158250 5.776176 5.850105 5.789250 0.162405 0.197298 0.125334 1.013591 1.182717 2.398475 5.248107 8.431194 8.515011 2.129725 1.730334 1.349719 0.003366 134.625221
 0.580000 0.396112 7.856615 9.158731 9.272483 2.037522 0.257290 1.817889 5.442401 1.300460 5.571068 5.716835 5.574149 0.192501 0.240685 0.153148 1.134901 1.327993 2.570849 5.289612 8.386121 8.475858 2.312085 1.901337 1.477095 0.000000 0.000000
 0.590000 0.393985 7.596946 9.042151 9.053042 2.222263 0.295694 1.992125 5.525129 1.417331 5.454132 5.512641 5.492505 0.215830 0.269862 0.182054 1.224572 1.546677 2.747408 5.133724 8.070206 8.188592 2.503255 2.106312 1.648779 0.000000 0.000000
 0.600000 0.392035 7.813862 9.475896 9.404857 1.612574 0.321574 1.347418 5.966441 0.962713 5.829245 5.748694 5.914210 0.224056 0.284709 0.198601 0.819581 0.909931 2.519297 5.132252 8.396996 8.533857 1.930027 1.453446 1.259111 0.000000 0.000000
 0.610000 0.389408 8.045848 9.467024 9.431873 1.553324 0.371551 1.252375 5.840713 0.907615 5.902808 5.841199 5.805345 0.248455 0.316631 0.240698 0.756295 0.849376 2.511242 5.360557 8.575840 8.604433 1.855336 1.376655 1.179860 0.000000 0.000000
 0.620000 0.386400 7.821789 9.148997 9.261624 1.800432 0.473182 1.431146 5.502329 1.002967 5.724811 5.818922 5.511599 0.309193 0.387265 0.336975 0.850156 1.032306 2.633982 5.262059 8.263338 8.295956 2.070755 1.626705 1.390480 0.000000 0.000000
 0.630000 0.383699 7.769611 9.310723 9.412913 1.863791 0.576868 1.481622 5.682010 1.093852 5.784588 5.850562 5.781154 0.367928 0.445044 0.453274 0.940734 0.974030 2.557167 5.008950 8.239511 8.348998 2.091777 1.694730 1.431760 0.000000 0.000000
 0.640000 0.381545 7.758962 9.339830 9.295927 1.871381 0.661375 1.479355 5.737016 1.087685 5.603440 5.510660 5.826869 0.405813 0.488949 0.582577 0.942174 0.959971 2.563345 5.200450 8.423531 8.578191 2.105411 1.689683 1.465885 0.000000 0.000000
 0.650000 0.377924 7.802999 9.245563 9.174822 1.889987 0.781651 1.449515 5.612717 1.056460 5.614455 5.524770 5.612697 0.473330 0.547625 0.775880 0.877464 1.020719 2.578765 5.138746 8.268210 8.619591 2.129178 1.687039 1.514244 0.000000 0.000000
 0.660000 0.374775 7.598442 9.416482 9.372824 1.783034 1.055810 1.404171 5.755192 1.079119 6.223226 6.091432 5.710276 0.645822 0.713551 1.297546 0.876543 0.915156 2.472547 4.922526 8.063413 8.338010 2.046773 1.604732 1.438079 0.000000 0.000000
 0.670000 0.370409 7.850922 9.480221 9.495463 1.792394 1.317654 1.441340 5.798419 1.091138 6.268868 6.018138 5.802154 0.810130 0.892581 1.836920 0.894018 0.901283 2.433893 5.056311 8.365809 8.402461 2.040973 1.597235 1.437617 0.000000 0.000000
 0.680000 0.365070 7.816875 9.262254 9.262072 2.090470 1.562301 1.732190 5.714501 1.361720 5.849589 5.587827 5.746248 0.973377 1.031011 2.247113 1.032124 1.191849 2.551912 5.163274 8.430572 8.562079 2.351566 1.908727 1.669626 0.000000 0.000000
 0.690000 0.362003 7.379376 9.340469 9.112491 2.411657 1.971046 2.075186 5.826948 1.671457 6.109171 5.528226 5.684280 1.246658 1.304349 2.942483 1.284142 1.353072 2.588707 4.704025 8.042528 8.148604 2.642530 2.206963 1.876109 0.000000 0.000000
 0.700000 0.358260 7.340340 9.412502 9.113563 2.534126 2.145058 2.197652 5.767889 1.777832 6.428222 5.664911 5.470079 1.383728 1.396218 3.318274 1.412093 1.386191 2.623125 4.642812 8.038969 8.148403 2.799670 2.336570 1.991599 0.000000 0.000000
 0.710000 0.354698 7.695926 9.435320 9.108011 2.501278 2.233934 2.066738 5.733478 1.690458 6.396894 5.764572 5.348328 1.421644 1.394905 3.503185 1.237371 1.411330 2.706294 5.050459 8.329913 8.475578 2.865314 2.269611 1.987004 0.000000 0.000000
 0.720000 0.353394 7.678343 9.611604 9.317258 2.263628 2.516908 1.788601 6.112544 1.406112 6.539570 5.838084 5.719512 1.596372 1.551564 3.816508 1.051325 1.161760 2.640089 4.930262 8.196367 8.302548 2.743738 1.970779 1.827126 0.000000 0.000000
 0.730000 0.351382 7.443568 9.583494 9.294384 2.503384 2.517904 2.037750 6.165152 1.717166 6.553430 5.818833 5.820198 1.677512 1.507563 3.769316 1.278276 1.267178 2.749228 4.765202 8.042818 8.213212 3.071435 2.245364 1.978929 0.000000 0.000000
 0.740000 0.350169 7.645974 9.315173 9.021110 2.906946 2.283513 2.397684 5.704807 1.978590 6.170857 5.721108 5.309434 1.558414 1.347875 3.309646 1.434313 1.571232 3.056047 4.987483 8.151551 8.461766 3.626716 2.641418 2.344880 0.000000 0.000000
 0.750000 0.348925 7.581240 9.010110 9.027233 3.437717 2.007609 2.845082 5.408760 2.340654 5.832342 5.751836 5.267460 1.472005 1.170989 2.649547 1.714729 1.870914 3.394783 5.090804 8.062905 8.543793 4.326271 3.070732 2.697524 0.000000 0.000000
 0.760000 0.347341 7.584292 8.917852 9.202640 4.038064 1.722704 3.281776 5.499286 2.965886 5.719611 6.035162 5.558938 1.392032 0.970174 2.071311 2.060147 2.040380 3.736403 4.852586 7.808855 8.374905 5.178093 3.584752 3.137072 0.000000 0.000000
 0.770000 0.347094 7.650572 8.565334 9.090152 4.506567 1.458582 3.615419 5.207707 3.005714 5.313527 6.182608 5.261344 1.276420 0.806159 1.509367 2.136084 2.292125 4.152074 5.167219 7.688037 8.479962 5.859236 3.935061 3.544662 0.000000 0.000000
 0.780000 0.346450 7.874099 8.576881 9.243904 4.659649 1.187231 3.657760 5.053339 3.074199 5.236602 6.480943 5.305779 1.168262 0.641433 1.079464 2.117842 2.408028 4.265329 5.344482 7.832009 8.853196 6.367620 4.026836 3.635336 0.000000 0.000000
 0.790000 0.346880 7.699145 8.699362 9.357071 4.724177 1.059318 3.655508 5.158940 3.311507 5.347823 6.468892 5.534576 1.182472 0.578476 0.842241 2.176659 2.194089 4.182729 5.154320 7.675876 8.816500 6.640143 4.035896 3.634370 0.000000 0.000000
 0.800000 0.349264 7.630346 8.408220 9.265229 4.938211 1.009654 3.862006 5.069905 3.265697 4.923609 6.347057 5.424223 1.309142 0.570122 0.697952 2.271880 2.342770 4.078748 5.108658 7.402221 8.757504 7.069498 4.285933 3.870569 0.000000 0.000000
 0.810000 0.349681 7.845682 8.367234 9.364548 5.230537 0.858857 4.013610 4.864135 3.369236 4.837679 6.614988 5.329875 1.230717 0.501304 0.566764 2.334037 2.673739 3.822238 5.296844 7.672342 9.086029 7.504920 4.505833 4.010634 0.000000 0.000000
 0.820000 0.351078 7.884424 8.739141 9.640280 5.108234 0.789627 3.785476 4.951805 3.286181 5.466564 6.778573 5.445396 1.216576 0.484423 0.493158 2.208552 2.267412 3.428176 5.177726 7.765258 9.129939 7.533994 4.260586 3.912535 0.000000 0.000000
 0.830000 0.353323 7.614363 8.408529 9.344861 5.456386 0.741964 4.205473 4.907577 3.693289 5.264687 6.563909 5.284434 1.190458 0.468274 0.455964 2.479879 2.580078 3.254462 4.925093 7.366800 8.902424 7.647061 4.677673 4.103018 0.000000 0.000000
 0.840000 0.355389 7.530405 8.351420 9.070134 5.355269 0.686238 4.402075 5.051629 3.684521 4.869323 6.159450 5.325738 1.115653 0.455738 0.419345 2.521932 2.933752 3.045658 5.033882 7.606937 8.878985 7.318389 4.729351 4.038518 0.000000 0.000000
 0.850000 0.358844 7.693717 8.741102 9.257121 4.924032 0.624210 4.022041 5.196630 3.489337 5.123760 6.036846 5.637157 0.972378 0.424798 0.363981 2.352276 2.432384 2.825475 5.040198 7.862794 8.881408 6.630490 4.286540 3.766682 0.000000 0.000000
 0.860000 0.362157 7.563235 8.577793 9.042403 4.922230 0.560354 4.063368 4.884457 3.542982 5.447446 6.197665 5.221268 0.781755 0.395567 0.321865 2.454414 2.513401 2.861059 4.991093 7.556422 8.557772 6.341900 4.363798 3.765192 0.000000 0.000000
 0.870000 0.365180 7.829360 8.678793 8.859450 4.596283 0.515686 3.749347 4.909721 2.937770 5.503665 5.911597 4.972862 0.655672 0.391749 0.296269 2.220954 2.525512 2.973041 5.256039 7.768807 8.401073 5.706241 4.121254 3.683595 0.000000 0.000000
 0.880000 0.368747 7.997864 8.984318 9.100712 4.226813 0.431350 3.225196 5.325974 2.564084 5.543981 5.524212 5.456819 0.470874 0.331773 0.242900 1.961330 2.057735 3.086566 5.510948 8.142583 8.572743 5.098839 3.741565 3.467603 0.000000 0.000000
 0.890000 0.371951 7.970069 9.071850 9.163702 3.975973 0.388333 2.920943 5.610933 2.261594 5.550845 5.477295 5.669295 0.370932 0.326874 0.220512 1.790356 1.831709 3.192032 5.342595 8.184972 8.439440 4.677938 3.457938 3.292428 0.000000 0.000000
 0.900000 0.374733 7.764583 8.740666 8.716253 4.188634 0.364535 3.163947 5.174883 2.298836 5.420368 5.521526 5.065272 0.309491 0.335545 0.211301 1.905098 2.154446 3.403326 5.381059 8.058250 7.992524 4.631261 3.757352 3.525229 0.000000 0.000000
 0.910000 0.378511 7.997703 8.973877 9.031600 3.968271 0.312991 2.963316 5.107932 2.217121 5.773694 5.819681 5.225389 0.225475 0.304792 0.179830 1.809747 1.908139 3.214408 5.457219 8.349063 8.271382 4.390640 3.586391 3.362349 0.000000 0.000000
 0.920000 0.382425 8.043407 9.207107 9.201824 3.670377 0.282725 2.657045 5.462442 1.964441 5.696735 5.752671 5.560493 0.189375 0.307542 0.166333 1.641151 1.667931 2.959998 5.400549 8.392988 8.411319 3.966545 3.234126 3.106999 0.000000 0.000000
 0.930000 0.385635 7.799153 9.008498 8.865721 3.684849 0.270074 2.722024 5.583758 1.954581 5.368693 5.313801 5.373754 0.174971 0.311730 0.170724 1.678737 1.883638 2.852507 5.291680 8.133268 8.006895 3.822365 3.334190 3.127815 0.000000 0.000000
 0.940000 0.388580 7.784905 9.040264 8.944052 3.576965 0.246277 2.698347 5.484472 1.955984 5.611380 5.390077 5.329547 0.153489 0.289489 0.158529 1.671122 1.824450 2.637219 5.251210 8.344105 8.208121 3.718512 3.276898 3.047143 0.000000 0.000000
 0.950000 0.390621 7.822647 9.271159 9.260935 3.351910 0.216186 2.560932 5.524038 1.905542 5.987203 5.887289 5.524354 0.130994 0.254164 0.143968 1.599869 1.637779 2.419490 5.168958 8.562284 8.456893 3.525550 3.042720 2.885936 0.000000 0.000000
 0.960000 0.392783 7.668783 8.993502 8.901854 3.658452 0.199005 2.926727 5.456870 2.149606 5.514096 5.573146 5.311220 0.120093 0.236781 0.144110 1.780375 2.037284 2.494512 5.118057 8.283338 7.915400 3.649058 3.375480 3.106705 0.000000 0.000000
 0.970000 0.394997 7.683295 8.889556 8.752261 3.934611 0.168586 3.203886 5.466709 2.348920 5.370985 5.319910 5.331581 0.099763 0.190699 0.122041 1.905310 2.274773 2.634340 5.207304 8.282225 7.867362 3.817389 3.627426 3.360357 0.000000 0.000000
 0.980000 0.396413 7.842505 9.150157 8.990936 3.949699 0.139475 3.201681 5.401838 2.372922 5.748127 5.483047 5.474010 0.079230 0.147627 0.106472 1.961909 2.140911 2.732778 5.309324 8.490225 8.156102 3.749697 3.610299 3.395831 0.000000 0.000000
 0.990000 0.399533 7.648706 8.956582 8.703296 4.076467 0.121240 3.242563 5.275841 2.213674 5.770316 5.348622 5.084739 0.068208 0.119323 0.097073 1.972425 2.389312 2.990211 5.291631 8.476071 7.855221 3.830967 3.735734 3.607278 0.000000 0.000000
 1.000000 0.403179 7.595227 8.791356 8.590909 4.038040 0.106685 3.154274 5.362599 2.191321 5.497195 5.136358 5.083971 0.060328 0.093484 0.087635 1.908978 2.431506 3.126507 5.211433 8.373309 7.765561 3.815488 3.718359 3.702302 0.101051 4042.045529
