
Resp charges for organic molecule                                               

iqopt   irstrnt  ihfree     qwt
  2      1      1        0.001000

 rel.rms   dipole mom       Qxx      Qyy      Qzz
    0.02904   9.00996   1.45071 -20.87054  19.41984

          Point charges before & after optimization
    NO   At.No.    q0           q(opt)   IVARY  d(rstr)/dq 
     1     6  -0.185168      -0.185168  -99    0.004752
     2     6  -0.083547      -0.083547  -99    0.007674
     3     6  -0.848450      -0.848450  -99    0.001171
     4     7  -0.044757      -0.044757  -99    0.009127
     5     1   0.110820       0.110820  -99    0.000000
     6     1   0.085762       0.085762  -99    0.000000
     7     1   0.159271       0.159271  -99    0.000000
     8     7  -0.167029      -0.167029  -99    0.005137
     9     6  -0.104528      -0.094331    0    0.007274
    10     1   0.027357       0.036507    0    0.000000
    11     1   0.013188       0.036507   10    0.000000
    12     1   0.073431       0.036507   10    0.000000
    13     6  -0.378231      -0.374261    0    0.002581
    14     1   0.128186       0.104563    0    0.000000
    15     1   0.073092       0.104563   14    0.000000
    16     6   0.248660       0.183877    0    0.004778
    17     1   0.016354       0.018697    0    0.000000
    18     1   0.001256       0.018697   17    0.000000
    19     6   0.030789       0.092459    0    0.007342
    20     1  -0.016330      -0.035681    0    0.000000
    21     1  -0.028811      -0.035681   20    0.000000
    22     6  -0.183220      -0.178633    0    0.004885
    23     1   0.033138       0.019769    0    0.000000
    24     1   0.026500       0.019769   23    0.000000
    25     1   0.012265       0.019769   23    0.000000

        Statistics of the fitting:
  The initial sum of squares (ssvpot)                     96.795
  The residual sum of squares (chipot)                     0.082
  The std err of estimate (sqrt(chipot/N))               0.00355
  ESP relative RMS (SQRT(chipot/ssvpot))                 0.02904

 Dipole Moment (Debye)=   9.00996
